A 68 21 39
A 68 22 38
B 24 77
A 68 17 41
A 68 18 38
B 20 77
A 56 21 39
A 56 22 38
B 22 62
A 55 26 39
A 55 27 38
B 27 62
A 54 30 39
B 31 62
A 59 35 41
B 32 60
A 30 12 7
A 30 13 6
A 29 15 38
A 29 14 39
B 11 30
S 4 4 71
S 4 3 74
S 4 5 74
S 4 2 77
S 4 6 77
S 8 9 56
S 8 13 61
S 10 37 62
S 10 44 62
S 11 57 62
S 17 17 30
C 0 2 39 94
C 1 3 48 91
C 0 7 50 71
C 1 5 29 72
C 0 4 10 67
C 1 8 4 51
C 1 9 16 56
C 1 10 33 53
C 0 11 50 58
C 1 15 59 43
C 0 16 2 30
M 1 54 39 42 39
M 1 29 41 41 41
M 1 19 45 27 45
M 1 17 45 9 45
M 1 4 41 13 41
